field1,field2,field3,field4,Species,Iris-setosa probability,Iris-versicolor probability,Iris-virginica probability
5.7,3.8,1.7,0.3,Iris-setosa,0.98693,0.00654,0.00654
5.1,3.8,1.5,0.3,Iris-setosa,0.98693,0.00654,0.00654
5.4,3.4,1.7,0.2,Iris-setosa,0.98693,0.00654,0.00654
5.1,3.7,1.5,0.4,Iris-setosa,0.98693,0.00654,0.00654
4.6,3.6,1.0,0.2,Iris-setosa,0.98693,0.00654,0.00654
5.1,3.3,1.7,0.5,Iris-setosa,0.98693,0.00654,0.00654
4.8,3.4,1.9,0.2,Iris-setosa,0.98693,0.00654,0.00654
5.0,3.0,1.6,0.2,Iris-setosa,0.98693,0.00654,0.00654
5.0,3.4,1.6,0.4,Iris-setosa,0.98693,0.00654,0.00654
6.6,2.9,4.6,1.3,Iris-versicolor,0.00694,0.98611,0.00694
5.2,2.7,3.9,1.4,Iris-versicolor,0.00694,0.98611,0.00694
5.0,2.0,3.5,1.0,Iris-versicolor,0.00694,0.98611,0.00694
5.9,3.0,4.2,1.5,Iris-versicolor,0.00694,0.98611,0.00694
6.0,2.2,4.0,1.0,Iris-versicolor,0.00694,0.98611,0.00694
6.1,2.9,4.7,1.4,Iris-versicolor,0.00694,0.98611,0.00694
5.6,2.9,3.6,1.3,Iris-versicolor,0.00694,0.98611,0.00694
5.9,3.2,4.8,1.8,Iris-versicolor,0.16667,0.66667,0.16667
6.1,2.8,4.0,1.3,Iris-versicolor,0.00694,0.98611,0.00694
5.6,2.8,4.9,2.0,Iris-virginica,0.00758,0.00758,0.98485
7.7,2.8,6.7,2.0,Iris-virginica,0.00758,0.00758,0.98485
6.3,2.7,4.9,1.8,Iris-virginica,0.00758,0.00758,0.98485
6.3,2.8,5.1,1.5,Iris-virginica,0.08333,0.08333,0.83333
6.1,2.6,5.6,1.4,Iris-virginica,0.08333,0.08333,0.83333
7.7,3.0,6.1,2.3,Iris-virginica,0.00758,0.00758,0.98485
6.3,3.4,5.6,2.4,Iris-virginica,0.00758,0.00758,0.98485
6.4,3.1,5.5,1.8,Iris-virginica,0.00758,0.00758,0.98485
6.0,3.0,4.8,1.8,Iris-virginica,0.11111,0.11111,0.77778